0
0
0
0
0
0
0
0
0
0
3
0
0
0
0
6
0
0
0
4
0
0
8
3
0
0
0
4
0
0
0
0
2
0
0
0
0
0
375
0
0
0
0
0
0
3
0
18
0
0
0
2
0
0
23
0
0
0
0
0
0
0
0
0
0
0
0
0
3
0
0
0
0
0
0
0
0
0
0
0
0
4
0
0
0
0
0
0
3
1
0
0
0
4
0
0
0
0
0
2
0
0
0
0
2
0
0
8
0
0
3
0
0
0
1
0
0
0
0
1
0
0
0
0
1
0
120
2
0
2
0
0
0
0
0
0
0
0
0
0
18
0
0
0
0
3
0
0
0
0
0
0
0
0
0
3
0
0
0
969
0
2
1
0
0
0
1
0
0
7
0
0
0
0
0
0
0
1
0
0
0
1
0
0
0
4
0
0
2
0
0
0
0
0
0
0
0
0
0
2
0
0
0
0
1
0
0
0
0
2
3
1
3
0
4
3
0
4
17
285
0
1
0
0
1
0
98
6
1
9
0
0
0
0
0
0
0
0
2
0
0
0
0
0
65
0
0
0
0
4
0
0
0
0
0
4
4
0
0
0
16
0
10
15
0
0
0
0
0
0
0
0
0
0
0
0
0
0
0
0
0
0
0
0
0
0
0
0
0
0
0
0
0
0
0
2
0
0
0
0
0
0
17
0
0
0
0
0
0
0
0
0
0
0
0
0
0
0
3
0
0
3
745
0
2
0
0
6
0
0
3
0
44
36
0
0
0
0
0
0
0
0
0
0
0
0
0
0
0
0
2
0
2
0
0
0
0
0
0
0
3
0
0
0
0
0
0
0
4
0
0
0
0
0
0
13
0
0
0
0
0
0
0
0
0
0
0
0
0
0
0
0
0
0
0
0
0
0
0
0
