86
0
8
2
68
55
0
47
0
79
12
90
4
2
0
0
16
24
13
678
9
6
525
2
3
9
0
16
3
0
82
2
2969
50
0
33
485
2
3
0
0
12
15
19
0
1
0
0
98
0
79
36
0
0
7
0
0
96
262
14
4
0
0
27
0
0
937
4
3
83
15
3
3
0
81
0
20
8934
0
14
646
1
0
0
9
0
74
22
6
0
0
0
0
0
4
42
0
2
0
35
33
4
414
0
48
0
3
0
0
0
3
0
76
0
98
0
0
73
0
0
2
836
4466
2
0
66
0
71
1
0
994
64
0
0
1
4
1
36
62
0
9
2
4
0
0
8
1
0
15
6
5190
1751
3
0
32
4
3
280
1
2
0
9
0
36
48
0
6
3
1
0
9
0
16
3
0
85
2
1
0
0
5
8
42
0
62
0
6092
4
3
8
711
9
2591
90
0
760
6
147
982
0
0
2
789
12
46
0
2
7
0
9
0
0
61
775
21
0
15
4
0
3
0
0
7
2004
0
11
1009
0
0
0
4
3
17
295
0
176
0
0
50
970
5
1
758
0
81
0
7
7164
85
20
2
0
0
5
0
82
21
0
5
27
3
335
0
0
14
44
1
0
2
16
21
93
31
0
0
7576
0
3
3
0
9
0
2817
97
0
0
2
0
17
6
0
1
73
2
49
9
36
0
959
9
17
3
0
0
0
3
5
0
119
3
1
9131
246
0
49
8928
0
7826
0
0
0
0
0
0
37
0
9
0
488
5
0
0
0
4
14
0
1
0
557
0
1
7
0
289
0
0
0
11
1
0
0
746
891
6108
43
2355
0
0
11
0
775
2
9
0
96
62
98
6
49
68
58
0
416
0
2524
0
6
1
3
0
0
384
0
4
1
3
6
0
12
380
0
9
311
93
9
3
0
0
4
14
