61
34
26
69
74
187
38
76
18
50
3
221
68
2
94
29
8
87
14
8
3
17
59
11
71
33
14
99
73
80
18
35
11
46
33
97
29
96
92
104
47
20
57
72
30
10
238
40
21
108
70
89
172
29
67
54
52
93
98
4
71
64
347
16
3
38
98
83
32
20
79
89
83
77
193
97
790
8
83
94
46
53
136
15
13
47
47
49
13
22
74
15
92
32
20
76
67
70
32
90
96
95
38
28
99
28
257
71
58
137
86
11
9
16
44
123
79
6
89
72
98
43
550
15
8
25
3
85
3
99
91
43
97
79
55
182
59
126
61
64
45
47
91
81
88
46
65
7
87
31
70
17
80
138
66
54
76
69
72
56
96
64
34
42
63
244
48
38
28
32
28
22
15
15
12
367
21
23
44
32
385
12
93
46
85
89
152
40
187
164
142
84
5
76
33
352
55
94
0
88
48
55
74
15
92
6
20
10
69
85
60
113
33
3
20
99
62
86
66
25
12
58
59
70
80
5
49
72
186
80
71
50
51
37
66
53
74
57
34
92
82
28
313
25
89
92
29
74
69
96
68
15
61
51
43
26
433
83
20
33
23
53
81
36
27
22
89
59
18
51
54
186
24
97
76
94
44
279
0
28
34
19
24
25
7
68
92
23
67
36
24
81
74
5
34
27
63
73
58
30
82
662
272
79
46
64
81
64
19
38
3
77
41
91
1738
30
100
763
48
59
47
36
75
191
69
94
81
90
89
194
44
864
91
89
80
51
24
220
34
71
87
31
102
67
63
40
57
72
42
26
32
188
58
91
101
45
35
83
191
4
78
11
14
39
34
74
2
28
61
71
14
2
50
8
147
153
238
64
46
86
20
61
77
70
13
52
44
41
74
81
4
90
184
55
24
78
418
98
66
47
