1
34
3
3
3
9
4
6
3
6
3
0
14
4
7
0
7
3
2
9
8
3
1
2
0
5
8
3
37
12
7
18
1
4
7
6
12
7
6
6
6
6
4
8
46
17
15
1
8
11
10
3
16
17
16
7
16
9
0
4
7
4
5
13
11
1
12
9
14
6
7
4
7
2
0
4
0
2
13
11
2
5
82
1
9
1
16
20
0
5
2
4
13
8
6
5
12
6
3
29
1
5
259
0
6
12
17
0
0
9
35
3
8
0
1
9
14
5
35
19
4
0
5
2
9
10
9
19
7
1
15
90
0
6
8
7
3
30
16
15
71
0
7
14
15
11
8
3
1
7
12
3
7
2
4
5
6
7
2
0
39
18
9
31
6
23
371
8
8
10
5
7
26
2
18
4
11
0
12
8
0
37
10
3
20
2
15
0
16
1
6
3
4
18
1
10
2
5
3
6
4
14
18
14
205
27
9
10
0
5
16
8
10
9
6
9
3
1
5
15
6
7
5
7
0
1
6
7
2
6
16
15
7
39
6
35
9
9
37
13
2
14
12
19
15
6
17
20
6
9
4
7
3
2
3
17
56
5
81
2
9
34
13
5
2
4
4
3
3
279
2
9
21
5
13
7
98
5
13
23
19
3
12
15
16
12
1
10
6
12
4
11
16
9
4
2674
2
5
7
2
36
2
2
1
2
8
4
5
18
19
8
19
29
15
1
5
6
3
12
16
9
1
13
1442
20
1
7
34
9
58
6
5
7
18
21
7
14
0
8
5
2
7
8
14
3
27
6
11
5
2
8
19
0
18
8
12
1079
0
9
24
3
18
50
7
1
17
2
3
17
3
10
10
6
1
3
8
10
16
7
2
5
9
3
18
9
20
7
25
15
14
7
19
28
40
2
6
13
55
1
9
